MEMORY
  total           15031 KB
  struct            159 KB
  buffer            536 KB
  arena           14336 KB, used 0.6%

SIZES
  narena                14680064
  nbuffer               548432
  nplugin               0
  maxuse_stack          18192
  maxuse_arena          90920
  maxuse_con            26
  maxuse_efc            114
  ncon                  4
  ne                    1
  nf                    7
  nl                    1
  nefc                  25
  nJ                    375
  nY                    0
  nA                    0
  nisland               2
  nidof                 15
  ntree_awake           2
  nbody_awake           15
  nparent_awake         14
  nv_awake              15
  flg_energypos         0
  flg_energyvel         0
  flg_subtreevel        0
  flg_rnepost           1
  threadpool            0

TIMER
    0:  duration =  1.6        number = 12
    1:  duration =  1.5        number = 12
    2:  duration =  0          number = 0
    3:  duration =  1.2        number = 12
    4:  duration =  0.052      number = 12
    5:  duration =  0.019      number = 12
    6:  duration =  0.13       number = 12
    7:  duration =  0.046      number = 12
    8:  duration =  0.14       number = 12
    9:  duration =  0.033      number = 12
    10:  duration =  0.87       number = 12
    11:  duration =  0.19       number = 12
    12:  duration =  0.0024     number = 12
    13:  duration =  0.098      number = 12
    14:  duration =  0.33       number = 12

SOLVER STAT
  solver_fwdinv =   0         0       
  ISLAND 0
    solver_niter = 1
    solver_nnz = 81
      0:  improvement =  9.5e-08     gradient =  8.7e-18     lineslope =  0       
          nactive = 8   nchange = 0   neval = 2   nupdate = 0

  ISLAND 1
    solver_niter = 1
    solver_nnz = 36
      0:  improvement =  0           gradient =  4.9e-16     lineslope =  0       
          nactive = 16   nchange = 0   neval = 2   nupdate = 0

ENERGY =   0         0       

TIME =  11      

QPOS
   0.2     
   0.5     
   0.15    
  -1.8     
  -0.098   
   2.3     
   0.63    
   2.8e-08 
  -1.6e-08 
   0.55    
   0.15    
   0.07    
   1       
  -1.8e-07 
  -1.5e-06 
   3e-09   

QVEL
  -0.33    
   0.38    
   0.16    
   0.63    
  -0.15    
  -0.26    
  -1.5     
   5e-07   
  -5.3e-07 
  -2.1e-18 
   4.7e-17 
  -3.5e-15 
  -2.9e-16 
   2.1e-15 
   1.4e-15 

QACC_WARMSTART
   0.13    
   0.41    
   0.1     
   0.75    
  -0.23    
  -0.48    
  -0.034   
  -0.00093 
   0.00093 
  -5.3e-15 
  -5.3e-15 
  -1.3e-16 
   4.5e-14 
  -2.5e-13 
  -2.4e-13 

CTRL
   0.17    
   0.53    
   0.17    
  -1.7     
  -0.11    
   2.3     
   0.48    
   0       

QFRC_APPLIED
   0       
   0       
   0       
   0       
   0       
   0       
   0       
   0       
   0       
   0       
   0       
   0       
   0       
   0       
   0       

XFRC_APPLIED
   0         0         0         0         0         0       
   0         0         0         0         0         0       
   0         0         0         0         0         0       
   0         0         0         0         0         0       
   0         0         0         0         0         0       
   0         0         0         0         0         0       
   0         0         0         0         0         0       
   0         0         0         0         0         0       
   0         0         0         0         0         0       
   0         0         0         0         0         0       
   0         0         0         0         0         0       
   0         0         0         0         0         0       
   0         0         0         0         0         0       
   0         0         0         0         0         0       
   0         0         0         0         0         0       

EQ_ACTIVE             1

QACC
   0.13    
   0.41    
   0.1     
   0.75    
  -0.23    
  -0.48    
  -0.034   
  -0.00093 
   0.00093 
  -5.3e-15 
  -5.3e-15 
  -1.3e-16 
   4.5e-14 
  -2.5e-13 
  -2.4e-13 

SENSOR
  -0.13    
  -0.0065  
  -7.5     
   0.00016 
  -0.076   
  -0.00029 

TREE_ASLEEP
  -11
  -11

XPOS
   0         0         0       
   0         0         0       
   0         0         0       
   0         0         0.33    
   0         0         0.33    
   0.15      0.03      0.61    
   0.22      0.057     0.57    
   0.53      0.18      0.37    
   0.53      0.18      0.37    
   0.61      0.21      0.37    
   0.61      0.21      0.26    
   0.61      0.21      0.26    
   0.61      0.21      0.21    
   0.61      0.21      0.21    
   0.55      0.15      0.07    

XQUAT
   1         0         0         0       
   1         0         0         0       
   1         0         0         0       
   0.99      0         0         0.1     
   0.66     -0.7       0.11      0.24    
   0.95     -0.0065    0.25      0.17    
   0.37      0.18      0.71     -0.57    
   0.4      -0.18      0.9       0.08    
   0.7       0.69      0.15      0.13    
   0.0071    0.99     -0.12     -0.011   
   0.0071    0.99     -0.12     -0.011   
   0.0022    0.96      0.27     -0.013   
   0.0022    0.96      0.27     -0.013   
   0.013     0.27     -0.96      0.0022  
   1        -1.8e-07  -1.5e-06   3e-09   

XMAT
   1         0         0         0         1         0         0         0         1       
   1         0         0         0         1         0         0         0         1       
   1         0         0         0         1         0         0         0         1       
   0.98     -0.2       0         0.2       0.98      0         0         0         1       
   0.86     -0.47     -0.2       0.18     -0.096     0.98     -0.48     -0.88      5.6e-17 
   0.82     -0.33      0.47      0.32      0.94      0.096    -0.48      0.071     0.88    
  -0.65      0.68      0.33     -0.17      0.29     -0.94     -0.74     -0.67     -0.071   
  -0.62     -0.39      0.68     -0.26      0.92      0.29     -0.74     -0.0013   -0.67    
   0.92      0.024     0.39      0.39      0.011    -0.92     -0.027     1         0.0013  
   0.97     -0.23     -0.024    -0.23     -0.97     -0.011    -0.021     0.017    -1       
   0.97     -0.23     -0.024    -0.23     -0.97     -0.011    -0.021     0.017    -1       
   0.85      0.52     -0.024     0.52     -0.85     -0.011    -0.027    -0.0028   -1       
   0.85      0.52     -0.024     0.52     -0.85     -0.011    -0.027    -0.0028   -1       
  -0.85     -0.52     -0.024    -0.52      0.85     -0.011     0.027     0.0028   -1       
   1        -5.9e-09  -3e-06     5.9e-09   1         3.7e-07   3e-06    -3.7e-07   1       

XIPOS
   0         0         0       
   0         0         0       
  -0.017     0.0004    0.074   
  -0.0099    0.026     0.27    
   0.079     0.0053    0.48    
   0.24      0.08      0.6     
   0.33      0.084     0.56    
   0.49      0.17      0.42    
   0.58      0.24      0.36    
   0.62      0.21      0.31    
   0.61      0.21      0.16    
   0.6       0.21      0.23    
   0.61      0.21      0.21    
   0.61      0.21      0.21    
   0.55      0.15      0.041   

XIMAT
   1         0         0         0         1         0         0         0         1       
   1         0         0         0         1         0         0         0         1       
   0        -0.75     -0.66      1         0         0         0        -0.66      0.75    
   0.93     -0.36      0.082     0.37      0.91     -0.21      5.6e-05   0.22      0.98    
   0.78     -0.26      0.58      0.34      0.94     -0.039    -0.53      0.23      0.82    
   0.42     -0.91      0.056     0.89      0.4      -0.23      0.18      0.15      0.97    
  -0.69      0.72     -0.068    -0.7      -0.69     -0.17     -0.17     -0.07      0.98    
  -0.68     -0.42      0.6      -0.15      0.88      0.45     -0.71      0.22     -0.67    
   0.091     0.34      0.94     -0.99      0.093     0.063    -0.066    -0.94      0.35    
  -0.23     -0.97      0.027    -0.97      0.22     -0.08      0.072    -0.044    -1       
   0.97     -0.23     -0.024    -0.23     -0.97     -0.011    -0.021     0.017    -1       
   0.85      0.52     -0.024     0.52     -0.85     -0.011    -0.027    -0.0028   -1       
   0.85      0.52     -0.024     0.52     -0.85     -0.011    -0.027    -0.0028   -1       
  -0.85     -0.52     -0.024    -0.52      0.85     -0.011     0.027     0.0028   -1       
   0.0016    0.0045    1        -0.0028   -1         0.0045    1        -0.0028   -0.0016  

XANCHOR
   0         0         0.33    
   0         0         0.33    
   0.15      0.03      0.61    
   0.22      0.057     0.57    
   0.53      0.18      0.37    
   0.53      0.18      0.37    
   0.61      0.21      0.37    
   0.61      0.21      0.21    
   0.61      0.21      0.21    
   0.55      0.15      0.07    

XAXIS
   0         0         1       
  -0.2       0.98      2.2e-16 
   0.47      0.096     0.88    
   0.33     -0.94     -0.071   
   0.68      0.29     -0.67    
   0.39     -0.92      0.0013  
  -0.024    -0.011    -1       
   0.52     -0.85     -0.0028  
  -0.52      0.85      0.0028  
   0         0         1       

GEOM_XPOS
   0         0         0       
  -0.07      0.021     0.13    
  -0.032     0.00014   0.049   
  -0.0076    1.5e-05   0.12    
  -0.045    -0.0069    0.042   
  -0.042    -0.019     0.044   
  -0.031     5.3e-07   0.002   
  -0.029    -0.00023   0.055   
   0.0069   -0.033     0.27    
   0.0068   -0.033     0.27    
   0.025     0.04      0.39    
   0.025     0.04      0.39    
   0.16      0.062     0.56    
   0.16      0.063     0.56    
   0.28      0.052     0.57    
   0.28      0.052     0.57    
   0.44      0.19      0.45    
   0.44      0.19      0.45    
   0.58      0.19      0.38    
   0.52      0.18      0.42    
   0.53      0.2       0.4     
   0.53      0.19      0.37    
   0.51      0.19      0.42    
   0.61      0.24      0.45    
   0.63      0.19      0.45    
   0.62      0.22      0.45    
   0.59      0.2       0.38    
   0.62      0.22      0.45    
   0.61      0.21      0.44    
   0.62      0.2       0.29    
   0.64      0.17      0.29    
   0.59      0.25      0.29    
   0.64      0.16      0.29    
   0.61      0.26      0.31    
   0.61      0.26      0.32    
   0.61      0.26      0.32    
   0.61      0.21      0.29    
   0.61      0.21      0.25    
   0.56      0.29      0.27    
   0.58      0.27      0.29    
   0.61      0.21      0.23    
   0.61      0.21      0.26    
   0.61      0.21      0.24    
   0.62      0.2       0.19    
   0.61      0.21      0.16    
   0.62      0.2       0.19    
   0.61      0.21      0.16    
   0.61      0.21      0.16    
   0.61      0.21      0.16    
   0.62      0.21      0.17    
   0.61      0.21      0.17    
   0.6       0.23      0.19    
   0.61      0.22      0.16    
   0.6       0.23      0.19    
   0.61      0.22      0.16    
   0.6       0.21      0.16    
   0.61      0.22      0.16    
   0.6       0.21      0.17    
   0.61      0.22      0.17    
   0.55      0.14      0.049   
   0.55      0.15      0.04    
   0.45      0.09      0.097   
   0.49      0.23      0.085   
   0.63      0.23      0.085   

GEOM_XMAT
   1         0         0         0         1         0         0         0         1       
   1         0         0.0067    0.0067    0        -1         0         1         0       
  -0.34      0.0091    0.94     -0.018    -1         0.0031    0.94     -0.016     0.34    
   0.037    -0.0036    1        -4.5e-05  -1        -0.0036    1         8.9e-05  -0.037   
  -0.0003   -1        -0.0044    0.082     0.0043   -1         1        -0.00066   0.082   
   0.0048   -1        -0.096     0.087     0.096    -0.99      1        -0.0037    0.087   
   0         0         1         0        -1         0         1         0         0       
  -0.44     -0.026     0.9       0.065    -1         0.0028    0.9       0.06      0.44    
   0.98     -0.18      0.076     0.2       0.9      -0.38     -6.3e-05   0.38      0.92    
   0.98     -0.18      0.077     0.2       0.9      -0.38      0.00022   0.39      0.92    
   0.86      0.0068    0.51      0.16      0.94     -0.29     -0.48      0.33      0.81    
   0.86     -0.0011    0.51      0.17      0.94     -0.29     -0.48      0.34      0.81    
  -0.32      0.64      0.7      -0.037    -0.74      0.67      0.95      0.19      0.26    
  -0.32      0.64      0.7      -0.031    -0.74      0.67      0.95      0.2       0.26    
  -0.07      0.69     -0.72      0.21     -0.69     -0.69     -0.97     -0.2      -0.098   
  -0.061     0.69     -0.72      0.21     -0.7      -0.69     -0.98     -0.19     -0.1     
  -0.62     -0.56      0.55     -0.26      0.81      0.53     -0.74      0.19     -0.64    
  -0.62     -0.57      0.55     -0.26      0.8       0.53     -0.74      0.18     -0.64    
   0.53      0.11      0.84     -0.85      0.039     0.53      0.027    -0.99      0.12    
   0.92      0.024     0.39      0.39      0.011    -0.92     -0.027     1         0.0013  
   0.67      0.51      0.54      0.28     -0.84      0.46      0.69     -0.15     -0.71    
   0.39     -0.88      0.29     -0.92     -0.38      0.087     0.034    -0.3      -0.95    
   0.024     0.39      0.92      0.011    -0.92      0.39      1         0.0013   -0.027   
   0.92      0.024     0.39      0.39      0.011    -0.92     -0.027     1         0.0013  
   0.92      0.024     0.39      0.39      0.011    -0.92     -0.027     1         0.0013  
   0.024    -0.92      0.39      0.011    -0.39     -0.92      1         0.027     0.0013  
   0.62      0.04      0.78     -0.78     -0.07      0.63      0.08     -1        -0.013   
   0.21      0.39      0.9       0.09     -0.92      0.38      0.97      0.0013   -0.23    
  -0.08      0.86      0.51     -0.34     -0.5       0.79      0.94     -0.11      0.33    
  -0.062    -0.85     -0.52      0.055    -0.52      0.85     -1         0.024     0.079   
  -0.14     -0.51      0.85      0.17      0.83      0.52     -0.98      0.22     -0.027   
  -0.85     -0.024     0.52     -0.52     -0.011    -0.85      0.027    -1        -0.0028  
  -0.26     -0.46      0.85      0.37      0.77      0.52     -0.89      0.45     -0.027   
   0.97     -0.23     -0.024    -0.23     -0.97     -0.011    -0.021     0.017    -1       
   0.97     -0.23     -0.024    -0.23     -0.97     -0.011    -0.021     0.017    -1       
  -0.23     -0.024     0.97     -0.97     -0.011    -0.23      0.017    -1        -0.021   
  -0.008    -0.87     -0.5      -0.031    -0.5       0.87     -1         0.023    -0.023   
  -0.024    -0.85     -0.52     -0.011    -0.52      0.85     -1         0.027     0.0028  
   0.85      0.48     -0.21      0.52     -0.8       0.29     -0.027    -0.36     -0.93    
   0.85     -0.024    -0.52      0.52     -0.011     0.85     -0.027    -1         0.0028  
   0.85     -0.018    -0.52      0.52     -0.021     0.85     -0.027    -1        -0.0081  
  -0.024    -0.46      0.89     -0.011     0.89      0.46     -1         0.0016   -0.027   
   0.85     -0.038    -0.52      0.52      0.01      0.85     -0.027    -1         0.029   
   0.52     -0.85     -0.064    -0.85     -0.52      0.054    -0.079     0.027    -1       
   0.52     -0.85     -0.024    -0.85     -0.52     -0.011    -0.0028    0.027    -1       
   0.52     -0.85     -0.064    -0.85     -0.52      0.054    -0.079     0.027    -1       
   0.85      0.52     -0.024     0.52     -0.85     -0.011    -0.027    -0.0028   -1       
   0.85      0.52     -0.024     0.52     -0.85     -0.011    -0.027    -0.0028   -1       
   0.85      0.52     -0.024     0.52     -0.85     -0.011    -0.027    -0.0028   -1       
   0.85      0.52     -0.024     0.52     -0.85     -0.011    -0.027    -0.0028   -1       
   0.85      0.52     -0.024     0.52     -0.85     -0.011    -0.027    -0.0028   -1       
  -0.52      0.85      0.016     0.85      0.52     -0.077    -0.074    -0.027    -1       
  -0.52      0.85     -0.024     0.85      0.52     -0.011     0.0028   -0.027    -1       
  -0.52      0.85      0.016     0.85      0.52     -0.077    -0.074    -0.027    -1       
  -0.85     -0.52     -0.024    -0.52      0.85     -0.011     0.027     0.0028   -1       
  -0.85     -0.52     -0.024    -0.52      0.85     -0.011     0.027     0.0028   -1       
  -0.85     -0.52     -0.024    -0.52      0.85     -0.011     0.027     0.0028   -1       
  -0.85     -0.52     -0.024    -0.52      0.85     -0.011     0.027     0.0028   -1       
  -0.85     -0.52     -0.024    -0.52      0.85     -0.011     0.027     0.0028   -1       
   0.00098   0.033     1        -0.0062   -1         0.033     1        -0.0063   -0.00078 
   1        -5.9e-09  -3e-06     5.9e-09   1         3.7e-07   3e-06    -3.7e-07   1       
   1        -5.9e-09  -3e-06     5.9e-09   1         3.7e-07   3e-06    -3.7e-07   1       
   1         2.5e-06  -1.6e-06   5.9e-09   0.54      0.84      3e-06    -0.84      0.54    
   1         2.5e-06  -1.6e-06   5.9e-09   0.54      0.84      3e-06    -0.84      0.54    

SITE_XPOS
   0.61      0.21      0.26    
   0.61      0.21      0.16    

SITE_XMAT
   0.85      0.52     -0.024     0.52     -0.85     -0.011    -0.027    -0.0028   -1       
   0.85      0.52     -0.024     0.52     -0.85     -0.011    -0.027    -0.0028   -1       

LIGHT_XPOS
   0         0         1.5     

LIGHT_XDIR
   0         0        -1       

SUBTREE_COM
   0.55      0.14      0.041   
   0.23      0.083     0.35    
   0.23      0.083     0.35    
   0.3       0.1       0.43    
   0.36      0.12      0.46    
   0.43      0.15      0.46    
   0.49      0.17      0.42    
   0.55      0.2       0.36    
   0.6       0.23      0.32    
   0.61      0.21      0.27    
   0.6       0.21      0.23    
   0.6       0.21      0.23    
   0.61      0.21      0.21    
   0.61      0.21      0.21    
   0.55      0.15      0.041   

CDOF
   0         0         1        -0.083     0.23      0       
  -0.2       0.98      2.2e-16   0.021     0.0042   -0.24    
   0.47      0.096     0.88     -0.07      0.19      0.017   
   0.33     -0.94     -0.071     0.21      0.069     0.022   
   0.68      0.29     -0.67     -0.071     0.22      0.019   
   0.39     -0.92      0.0013    0.018     0.0073   -0.32    
  -0.024    -0.011    -1        -0.13      0.38     -0.0012  
   0         0         0         0.52     -0.85     -0.0028  
   0         0         0        -0.52      0.85      0.0028  
   0         0         0         1         0         0       
   0         0         0         0         1         0       
   0         0         0         0         0         1       
   1         5.9e-09   3e-06     1.5e-08   0.029    -0.005   
  -5.9e-09   1        -3.7e-07  -0.029    -7.8e-12   0.00044 
  -3e-06     3.7e-07   1         0.005    -0.00044   1.5e-08 

CINERT
   0         0         0         0         0         0         0         0         0         0       
   0         0         0         0         0         0        -0        -0        -0         0       
   0.34      0.55      0.27     -0.079    -0.27     -0.089    -0.96     -0.32     -1.1       3.9     
   0.048     0.18      0.16     -0.033    -0.05     -0.008    -0.59     -0.14     -0.2       2.4     
   0.065     0.11      0.075    -0.026     0.037     0.022    -0.34     -0.17      0.29      2.2     
   0.14      0.14      0.005     0.0017   -0.002     0.0033    0.0081   -0.0053    0.53      2.2     
   0.1       0.12      0.025     0.00098  -0.043     0.00046   0.21      0.0038    0.44      2.2     
   0.048     0.18      0.19     -0.059    -0.024    -0.0043    0.57      0.2       0.13      2.2     
   0.042     0.2       0.24     -0.088    -0.0026   -0.00092   0.55      0.25      0.0058    1.6     
   0.013     0.11      0.12     -0.034     0.012     0.0038    0.27      0.088    -0.03      0.68    
   0         0         0         0         0         0         0         0        -0         0       
   0.023     0.11      0.11     -0.035     0.032     0.011     0.27      0.091    -0.087     0.73    
   0.00058   0.0025    0.0024   -0.00074   0.00084   0.00029   0.0057    0.002    -0.0022    0.015   
   0.00058   0.0025    0.0024   -0.00074   0.00084   0.00029   0.0057    0.002    -0.0022    0.015   
   0.26      0.62      0.77     -0.0016    0.00083  -0.0004    0         0         0         1e+04   

TEN_LENGTH
   5.6e-09 

TEN_J: tendon moments
-----------------
        xx       |
-----------------

TEN_J_ROWNNZ
  2

TEN_J_ROWADR
  0

TEN_J
     7:  0.5        8:  0.5     

TENDON 0: 0 wrap points

ACTUATOR_LENGTH
   0.2     
   0.5     
   0.15    
  -1.8     
  -0.098   
   2.3     
   0.63    
   5.6e-09 

actuator_moment
-----------------
 x               |
  x              |
   x             |
    x            |
     x           |
      x          |
       x         |
        xx       |
-----------------

ACTUATOR_MOMENT
     0:  1       
     1:  1       
     2:  1       
     3:  1       
     4:  1       
     5:  1       
     6:  1       
     7:  0.5        8:  0.5     

CRB
   0         0         0         0         0         0         0         0         0         0       
   0.82      1.7       1.2      -0.35     -0.3      -0.061    -2.2e-16  -1.1e-16   2.2e-16   18      
   0.82      1.7       1.2      -0.35     -0.3      -0.061    -2.2e-16  -1.1e-16   2.2e-16   18      
   0.48      1.2       0.92     -0.27     -0.038     0.028     0.96      0.32      1.1       14      
   0.43      0.98      0.76     -0.24      0.012     0.036     1.5       0.46      1.3       12      
   0.37      0.87      0.69     -0.21     -0.025     0.014     1.9       0.63      0.99      9.5     
   0.23      0.73      0.68     -0.22     -0.023     0.011     1.9       0.63      0.46      7.4     
   0.13      0.61      0.66     -0.22      0.019     0.01      1.7       0.63      0.019     5.2     
   0.08      0.42      0.47     -0.16      0.043     0.014     1.1       0.43     -0.12      3       
   0.038     0.22      0.23     -0.07      0.046     0.015     0.55      0.18     -0.12      1.4     
   0.024     0.12      0.12     -0.036     0.034     0.011     0.28      0.095    -0.091     0.76    
   0.024     0.12      0.12     -0.036     0.034     0.011     0.28      0.095    -0.091     0.76    
   0.00058   0.0025    0.0024   -0.00074   0.00084   0.00029   0.0057    0.002    -0.0022    0.015   
   0.00058   0.0025    0.0024   -0.00074   0.00084   0.00029   0.0057    0.002    -0.0022    0.015   
   0.26      0.62      0.77     -0.0016    0.00083  -0.0004    0         0         0         1e+04   

QM
   2.5     
  -0.023     2.8     
   1.8      -0.17      1.7     
  -0.11     -1.2      -0.0025    1.2     
  -0.028    -0.031    -0.015     0.035     0.21    
   0.0065   -0.16      0.018     0.16      0.0026    0.24    
  -0.0007    0.00024  -0.00036  -0.0014    0.002    -0.00042   0.2     
  -0.0095   -0.00063  -0.0092    0.0016   -0.001     0.00038   0         0.11    
   0.0095    0.00063   0.0092   -0.0016    0.001    -0.00038   8.7e-19             0.12    
                                                                                             1e+04   
                                                                                             0         1e+04   
                                                                                             0         0         1e+04   
                                                                                             0.00015   2.9e+02  -50        9       
                                                                                            -2.9e+02  -7.8e-08   4.4      -0.024     9.1     
                                                                                             50       -4.4       0.00015  -0.13     -1.5       1       

M
     0:  2.5     
     0: -0.023      1:  2.8     
     0:  1.8        1: -0.17       2:  1.7     
     0: -0.11       1: -1.2        2: -0.0025     3:  1.2     
     0: -0.028      1: -0.031      2: -0.015      3:  0.035      4:  0.21    
     0:  0.0065     1: -0.16       2:  0.018      3:  0.16       4:  0.0026     5:  0.24    
     0: -0.0007     1:  0.00024    2: -0.00036    3: -0.0014     4:  0.002      5: -0.00042    6:  0.2     
     0: -0.0095     1: -0.00063    2: -0.0092     3:  0.0016     4: -0.001      5:  0.00038    6:  0          7:  0.11    
     0:  0.0095     1:  0.00063    2:  0.0092     3: -0.0016     4:  0.001      5: -0.00038    6:  8.7e-19    8:  0.12    
     9:  1e+04   
     9:  0         10:  1e+04   
     9:  0         10:  0         11:  1e+04   
     9:  0.00015   10:  2.9e+02   11: -50        12:  9       
     9: -2.9e+02   10: -7.8e-08   11:  4.4       12: -0.024     13:  9.1     
     9:  50        10: -4.4       11:  0.00015   12: -0.13      13: -1.5       14:  1       

QLD
     0:  0.57    
     0:  0.035      1:  1.5     
     0:  1.1        1: -0.1        2:  1.7     
     0: -0.094      1: -0.99       2: -0.01       3:  1.1     
     0: -0.13       1: -0.14       2: -0.071      3:  0.16       4:  0.21    
     0:  0.028      1: -0.69       2:  0.077      3:  0.65       4:  0.011      5:  0.24    
     0: -0.0035     1:  0.0012     2: -0.0018     3: -0.0069     4:  0.01       5: -0.0021     6:  0.2     
     0: -0.082      1: -0.0054     2: -0.08       3:  0.014      4: -0.0088     5:  0.0033     6:  0          7:  0.11    
     0:  0.082      1:  0.0054     2:  0.08       3: -0.014      4:  0.0088     5: -0.0033     6:  7.5e-18    8:  0.12    
     9:  6.7e+02 
     9:  0.008     10:  3e+02   
     9:  0.014     10:  0.17      11:  9.7e+03 
     9: -0.021     10:  32        11: -5.5       12:  9       
     9: -31        10: -0.9       11:  0.63      12: -0.029     13:  7.1     
     9:  49        10: -4.4       11:  0.00015   12: -0.13      13: -1.4       14:  1       

QLDIAGINV
   1.8     
   0.65    
   0.59    
   0.88    
   4.7     
   4.2     
   5.1     
   8.7     
   8.7     
   0.0015  
   0.0033  
   0.0001  
   0.11    
   0.14    
   0.98    

M: inertia structure
-----------------
 x               |
 xx              |
 xxx             |
 xxxx            |
 xxxxx           |
 xxxxxx          |
 xxxxxxx         |
 xxxxxxxx        |
 xxxxxxx x       |
          x      |
          xx     |
          xxx    |
          xxxx   |
          xxxxx  |
          xxxxxx |
-----------------

iM: block-diagonal inertia (nnzs are island ids)
-----------------
 0               |
 00              |
 000             |
 0000            |
 00000           |
 000000          |
 0000000         |
 00000000        |
 0000000 0       |
          1      |
          11     |
          111    |
          1111   |
          11111  |
          111111 |
-----------------

QH
     0:  1.3     
     0:  0.02       1:  2.2     
     0:  0.87       1: -0.084      2:  2.1     
     0: -0.07       1: -0.77       2: -0.0049     3:  1.5     
     0: -0.067      1: -0.073      2: -0.037      3:  0.083      4:  0.41    
     0:  0.015      1: -0.37       2:  0.042      3:  0.36       4:  0.006      5:  0.44    
     0: -0.0017     1:  0.0006     2: -0.00091    3: -0.0034     4:  0.0051     5: -0.0011     6:  0.4     
     0: -0.08       1: -0.0053     2: -0.077      3:  0.014      4: -0.0085     5:  0.0032     6:  0          7:  0.12    
     0:  0.08       1:  0.0053     2:  0.077      3: -0.014      4:  0.0085     5: -0.0032     6:  7.3e-18    8:  0.12    
     9:  6.7e+02 
     9:  0.008     10:  3e+02   
     9:  0.014     10:  0.17      11:  9.7e+03 
     9: -0.021     10:  32        11: -5.5       12:  9       
     9: -31        10: -0.9       11:  0.63      12: -0.029     13:  7.1     
     9:  49        10: -4.4       11:  0.00015   12: -0.13      13: -1.4       14:  1       

QHDIAGINV
   0.74    
   0.44    
   0.49    
   0.65    
   2.4     
   2.3     
   2.5     
   8.4     
   8.4     
   0.0015  
   0.0033  
   0.0001  
   0.11    
   0.14    
   0.98    

TREE_AWAKE
  1 1

BODY_AWAKE
  -1 -1 -1 1 1 1 1 1 1 1 1 1 1 1 1

BODY_AWAKE_IND
  0 1 2 3 4 5 6 7 8 9 10 11 12 13 14

PARENT_AWAKE_IND
  1 2 3 4 5 6 7 8 9 10 11 12 13 14

DOF_AWAKE_IND
  0 1 2 3 4 5 6 7 8 9 10 11 12 13 14

QDERIV
     0: -4.5e+02    1:  0          2:  0          3:  0          4:  0          5:  0          6:  0          7:  0          8:  0       
     0:  0          1: -4.5e+02    2:  0          3:  0          4:  0          5:  0          6:  0          7:  0          8:  0       
     0:  0          1:  0          2: -3.5e+02    3:  0          4:  0          5:  0          6:  0          7:  0          8:  0       
     0:  0          1:  0          2:  0          3: -3.5e+02    4:  0          5:  0          6:  0          7:  0          8:  0       
     0:  0          1:  0          2:  0          3:  0          4: -2e+02      5:  0          6:  0          7:  0          8:  0       
     0:  0          1:  0          2:  0          3:  0          4:  0          5: -2e+02      6:  0          7:  0          8:  0       
     0:  0          1:  0          2:  0          3:  0          4:  0          5:  0          6: -2e+02      7:  0          8:  0       
     0:  0          1:  0          2:  0          3:  0          4:  0          5:  0          6:  0          7: -3.5     
     0:  0          1:  0          2:  0          3:  0          4:  0          5:  0          6:  0          8: -3.5     
     9:  0         10:  0         11:  0         12:  0         13:  0         14:  0       
     9:  0         10:  0         11:  0         12:  0         13:  0         14:  0       
     9:  0         10:  0         11:  0         12:  0         13:  0         14:  0       
     9:  0         10:  0         11:  0         12:  0         13:  0         14:  0       
     9:  0         10:  0         11:  0         12:  0         13:  0         14:  0       
     9:  0         10:  0         11:  0         12:  0         13:  0         14:  0       

CONTACT
  0:
     dim           3
     geoms         floor : 60
     exclude       0
     efc_address   9
     solref         0.02      1       
     solimp         0.9       0.95      0.001     0.5       2       
     dist          -0.00011 
     includemargin  0       
     pos            0.42      0.07     -5.4e-05 
     frame          0         0         1         0         1         0        -1         0         0       
     friction       1         1         0.005     0.0001    0.0001  
     mu             1       
     force          2.5e+04  -7.3e-12  -1.8e-12   0         0         0       
  1:
     dim           3
     geoms         floor : 60
     exclude       0
     efc_address   13
     solref         0.02      1       
     solimp         0.9       0.95      0.001     0.5       2       
     dist          -0.00011 
     includemargin  0       
     pos            0.67      0.07     -5.4e-05 
     frame          0         0         1         0         1         0        -1         0         0       
     friction       1         1         0.005     0.0001    0.0001  
     mu             1       
     force          2.4e+04  -1.3e-11   0         0         0         0       
  2:
     dim           3
     geoms         floor : 60
     exclude       0
     efc_address   17
     solref         0.02      1       
     solimp         0.9       0.95      0.001     0.5       2       
     dist          -0.00011 
     includemargin  0       
     pos            0.42      0.22     -5.4e-05 
     frame          0         0         1         0         1         0        -1         0         0       
     friction       1         1         0.005     0.0001    0.0001  
     mu             1       
     force          2.5e+04  -1e-11    -2.7e-12   0         0         0       
  3:
     dim           3
     geoms         floor : 60
     exclude       0
     efc_address   21
     solref         0.02      1       
     solimp         0.9       0.95      0.001     0.5       2       
     dist          -0.00011 
     includemargin  0       
     pos            0.67      0.22     -5.4e-05 
     frame          0         0         1         0         1         0        -1         0         0       
     friction       1         1         0.005     0.0001    0.0001  
     mu             1       
     force          2.4e+04  -1e-11    -9.1e-13   0         0         0       

EFC_TYPE
  0
  1
  1
  1
  1
  1
  1
  1
  3
  6
  6
  6
  6
  6
  6
  6
  6
  6
  6
  6
  6
  6
  6
  6
  6

EFC_ID
  0
  0
  1
  2
  3
  4
  5
  6
  8
  0
  0
  0
  0
  1
  1
  1
  1
  2
  2
  2
  2
  3
  3
  3
  3

EFC_J
   0         0         0         0         0         0         0         1        -1         0         0         0         0         0         0       
   1         0         0         0         0         0         0         0         0         0         0         0         0         0         0       
   0         1         0         0         0         0         0         0         0         0         0         0         0         0         0       
   0         0         1         0         0         0         0         0         0         0         0         0         0         0         0       
   0         0         0         1         0         0         0         0         0         0         0         0         0         0         0       
   0         0         0         0         1         0         0         0         0         0         0         0         0         0         0       
   0         0         0         0         0         1         0         0         0         0         0         0         0         0         0       
   0         0         0         0         0         0         1         0         0         0         0         0         0         0         0       
   0         0         0         0         0         0         0         0         1         0         0         0         0         0         0       
   0         0         0         0         0         0         0         0         0         0         1         1        -0.01      0.12     -0.12    
   0         0         0         0         0         0         0         0         0         0        -1         1        -0.15      0.12      0.13    
   0         0         0         0         0         0         0         0         0        -1         0         1        -0.08      0.19     -0.08    
   0         0         0         0         0         0         0         0         0         1         0         1        -0.08      0.055     0.08    
   0         0         0         0         0         0         0         0         0         0         1         1        -0.01     -0.13      0.13    
   0         0         0         0         0         0         0         0         0         0        -1         1        -0.15     -0.13     -0.12    
   0         0         0         0         0         0         0         0         0        -1         0         1        -0.08     -0.055    -0.08    
   0         0         0         0         0         0         0         0         0         1         0         1        -0.08     -0.19      0.08    
   0         0         0         0         0         0         0         0         0         0         1         1         0.14      0.12     -0.13    
   0         0         0         0         0         0         0         0         0         0        -1         1         5.4e-05   0.12      0.12    
   0         0         0         0         0         0         0         0         0        -1         0         1         0.07      0.19      0.07    
   0         0         0         0         0         0         0         0         0         1         0         1         0.07      0.055    -0.07    
   0         0         0         0         0         0         0         0         0         0         1         1         0.14     -0.13      0.12    
   0         0         0         0         0         0         0         0         0         0        -1         1         5.4e-05  -0.13     -0.13    
   0         0         0         0         0         0         0         0         0        -1         0         1         0.07     -0.055     0.07    
   0         0         0         0         0         0         0         0         0         1         0         1         0.07     -0.19     -0.07    

IEFC_J
   0         0         0         0         0         0         0         1        -1       ......... ......... ......... ......... ......... ......... 
   1         0         0         0         0         0         0         0         0       ......... ......... ......... ......... ......... ......... 
   0         1         0         0         0         0         0         0         0       ......... ......... ......... ......... ......... ......... 
   0         0         1         0         0         0         0         0         0       ......... ......... ......... ......... ......... ......... 
   0         0         0         1         0         0         0         0         0       ......... ......... ......... ......... ......... ......... 
   0         0         0         0         1         0         0         0         0       ......... ......... ......... ......... ......... ......... 
   0         0         0         0         0         1         0         0         0       ......... ......... ......... ......... ......... ......... 
   0         0         0         0         0         0         1         0         0       ......... ......... ......... ......... ......... ......... 
   0         0         0         0         0         0         0         0         1       ......... ......... ......... ......... ......... ......... 
 ......... ......... ......... ......... ......... ......... ......... ......... .........   0         1         1        -0.01      0.12     -0.12    
 ......... ......... ......... ......... ......... ......... ......... ......... .........   0        -1         1        -0.15      0.12      0.13    
 ......... ......... ......... ......... ......... ......... ......... ......... .........  -1         0         1        -0.08      0.19     -0.08    
 ......... ......... ......... ......... ......... ......... ......... ......... .........   1         0         1        -0.08      0.055     0.08    
 ......... ......... ......... ......... ......... ......... ......... ......... .........   0         1         1        -0.01     -0.13      0.13    
 ......... ......... ......... ......... ......... ......... ......... ......... .........   0        -1         1        -0.15     -0.13     -0.12    
 ......... ......... ......... ......... ......... ......... ......... ......... .........  -1         0         1        -0.08     -0.055    -0.08    
 ......... ......... ......... ......... ......... ......... ......... ......... .........   1         0         1        -0.08     -0.19      0.08    
 ......... ......... ......... ......... ......... ......... ......... ......... .........   0         1         1         0.14      0.12     -0.13    
 ......... ......... ......... ......... ......... ......... ......... ......... .........   0        -1         1         5.4e-05   0.12      0.12    
 ......... ......... ......... ......... ......... ......... ......... ......... .........  -1         0         1         0.07      0.19      0.07    
 ......... ......... ......... ......... ......... ......... ......... ......... .........   1         0         1         0.07      0.055    -0.07    
 ......... ......... ......... ......... ......... ......... ......... ......... .........   0         1         1         0.14     -0.13      0.12    
 ......... ......... ......... ......... ......... ......... ......... ......... .........   0        -1         1         5.4e-05  -0.13     -0.13    
 ......... ......... ......... ......... ......... ......... ......... ......... .........  -1         0         1         0.07     -0.055     0.07    
 ......... ......... ......... ......... ......... ......... ......... ......... .........   1         0         1         0.07     -0.19     -0.07    

EFC_POS
   4.3e-08 
   0       
   0       
   0       
   0       
   0       
   0       
   0       
  -1.6e-08 
  -0.00011 
  -0.00011 
  -0.00011 
  -0.00011 
  -0.00011 
  -0.00011 
  -0.00011 
  -0.00011 
  -0.00011 
  -0.00011 
  -0.00011 
  -0.00011 
  -0.00011 
  -0.00011 
  -0.00011 
  -0.00011 

EFC_MARGIN
   0       
   0       
   0       
   0       
   0       
   0       
   0       
   0       
   0       
   0       
   0       
   0       
   0       
   0       
   0       
   0       
   0       
   0       
   0       
   0       
   0       
   0       
   0       
   0       
   0       

EFC_FRICTIONLOSS
   0       
   0.2     
   0.2     
   0.2     
   0.2     
   0.2     
   0.2     
   0.2     
   0       
   0       
   0       
   0       
   0       
   0       
   0       
   0       
   0       
   0       
   0       
   0       
   0       
   0       
   0       
   0       
   0       

EFC_DIAGAPPROX
   17      
   3.9     
   0.72    
   4.1     
   2.7     
   4.5     
   4.2     
   5.1     
   8.7     
   0.0004  
   0.0004  
   0.0004  
   0.0004  
   0.0004  
   0.0004  
   0.0004  
   0.0004  
   0.0004  
   0.0004  
   0.0004  
   0.0004  
   0.0004  
   0.0004  
   0.0004  
   0.0004  

EFC_KBIP
   4.1e+04   4e+02     0.95      0.0069  
   0         1.1e+02   0.9       0       
   0         1.1e+02   0.9       0       
   0         1.1e+02   0.9       0       
   0         1.1e+02   0.9       0       
   0         1.1e+02   0.9       0       
   0         1.1e+02   0.9       0       
   0         1.1e+02   0.9       0       
   2.8e+03   1.1e+02   0.9      -0.0032  
   2.8e+03   1.1e+02   0.9      -22      
   2.8e+03   1.1e+02   0.9      -22      
   2.8e+03   1.1e+02   0.9      -22      
   2.8e+03   1.1e+02   0.9      -22      
   2.8e+03   1.1e+02   0.9      -21      
   2.8e+03   1.1e+02   0.9      -21      
   2.8e+03   1.1e+02   0.9      -21      
   2.8e+03   1.1e+02   0.9      -21      
   2.8e+03   1.1e+02   0.9      -22      
   2.8e+03   1.1e+02   0.9      -22      
   2.8e+03   1.1e+02   0.9      -22      
   2.8e+03   1.1e+02   0.9      -22      
   2.8e+03   1.1e+02   0.9      -21      
   2.8e+03   1.1e+02   0.9      -21      
   2.8e+03   1.1e+02   0.9      -21      
   2.8e+03   1.1e+02   0.9      -21      

EFC_D
   1.1     
   2.3     
   12      
   2.2     
   3.4     
   2       
   2.1     
   1.8     
   1       
   2.3e+04 
   2.3e+04 
   2.3e+04 
   2.3e+04 
   2.3e+04 
   2.3e+04 
   2.3e+04 
   2.3e+04 
   2.3e+04 
   2.3e+04 
   2.3e+04 
   2.3e+04 
   2.3e+04 
   2.3e+04 
   2.3e+04 
   2.3e+04 

EFC_R
   0.92    
   0.44    
   0.08    
   0.46    
   0.3     
   0.5     
   0.47    
   0.56    
   0.97    
   4.4e-05 
   4.4e-05 
   4.4e-05 
   4.4e-05 
   4.4e-05 
   4.4e-05 
   4.4e-05 
   4.4e-05 
   4.4e-05 
   4.4e-05 
   4.4e-05 
   4.4e-05 
   4.4e-05 
   4.4e-05 
   4.4e-05 
   4.4e-05 

TEN_VELOCITY
  -1.2e-08 

ACTUATOR_VELOCITY
  -0.33    
   0.38    
   0.16    
   0.63    
  -0.15    
  -0.26    
  -1.5     
  -1.2e-08 

CVEL
   0         0         0         0         0         0       
   0         0         0         0         0         0       
   0         0         0         0         0         0       
   0         0        -0.33      0.027    -0.076     0       
  -0.076     0.37     -0.33      0.035    -0.074    -0.092   
   0.00052   0.39     -0.19      0.024    -0.043    -0.089   
   0.21     -0.21     -0.23      0.15      0.00052  -0.075   
   0.1      -0.25     -0.13      0.16     -0.032    -0.078   
   0.0017   -0.012    -0.13      0.16     -0.034     0.0051  
   0.038     0.0059    1.4       0.36     -0.61      0.0069  
   0.038     0.0059    1.4       0.36     -0.61      0.0069  
   0.038     0.0059    1.4       0.36     -0.61      0.0069  
   0.038     0.0059    1.4       0.36     -0.61      0.0069  
   0.038     0.0059    1.4       0.36     -0.61      0.0069  
  -4.8e-16   1.1e-15   2.3e-15  -5.7e-17   4.2e-17  -3.5e-15 

CDOF_DOT
   0         0         0         0         0         0       
   0.32      0.066     0         0.0014   -0.0068    0.011   
   0.36     -0.089    -0.18      0.013    -0.05      0.05    
  -0.2      -0.061    -0.13     -0.059    -0.066    -0.088   
   0.21     -0.021     0.2       0.067     0.065     0.073   
  -0.12     -0.051     0.0029    0.0093   -0.00013  -0.13    
   0.01      0.0048   -0.0003    0.084     0.18     -0.0035  
   0         0         0         1.2       0.73     -0.036   
   0         0         0        -1.2      -0.73      0.036   
   0         0         0         0         0         0       
   0         0         0         0         0         0       
   0         0         0         0         0         0       
   0         0         0         1.9e-22  -3.5e-15  -5.7e-17 
  -0         0         0         3.5e-15   7.7e-24  -3.5e-17 
   0        -0         0         5.7e-17   3.5e-17   1.6e-22 

QFRC_BIAS
  -0.42    
  -44      
   2.4     
   21      
   0.53    
   2.2     
   0.0018  
   0.00095 
  -0.00095 
   3.7e-28 
  -4.8e-28 
   9.8e+04 
  -4.9e+02 
   44      
   0.0015  

QFRC_SPRING
   0       
   0       
   0       
   0       
   0       
   0       
   0       
   0       
   0       
   0       
   0       
   0       
   0       
   0       
   0       

QFRC_DAMPER
   0.00099 
  -0.0011  
  -0.00048 
  -0.0019  
   0.00045 
   0.00079 
   0.0046  
  -5e-07   
   5.2e-07 
   0       
   0       
   0       
   0       
   0       
   0       

QFRC_GRAVCOMP
   0       
   0       
   0       
   0       
   0       
   0       
   0       
   0       
   0       
   0       
   0       
   0       
   0       
   0       
   0       

QFRC_FLUID
   0       
   0       
   0       
   0       
   0       
   0       
   0       
   0       
   0       
   0       
   0       
   0       
   0       
   0       
   0       

QFRC_PASSIVE
   0.00099 
  -0.0011  
  -0.00048 
  -0.0019  
   0.00045 
   0.00079 
   0.0046  
  -5e-07   
   5.2e-07 
   0       
   0       
   0       
   0       
   0       
   0       

EFC_VEL
   1e-06   
  -0.33    
   0.38    
   0.16    
   0.63    
  -0.15    
  -0.26    
  -1.5     
  -5.2e-07 
  -3.6e-15 
  -3e-15   
  -3.4e-15 
  -3.2e-15 
  -3.3e-15 
  -3.9e-15 
  -3.7e-15 
  -3.5e-15 
  -3.6e-15 
  -3.1e-15 
  -3.1e-15 
  -3.7e-15 
  -3.4e-15 
  -4e-15   
  -3.4e-15 
  -3.9e-15 

EFC_AREF
  -0.0021  
   35      
  -40      
  -17      
  -67      
   16      
   28      
   1.6e+02 
   9.5e-05 
   0.27    
   0.27    
   0.27    
   0.27    
   0.27    
   0.27    
   0.27    
   0.27    
   0.27    
   0.27    
   0.27    
   0.27    
   0.27    
   0.27    
   0.27    
   0.27    

SUBTREE_LINVEL
   0         0         0       
   0         0         0       
   0         0         0       
   0         0         0       
   0         0         0       
   0         0         0       
   0         0         0       
   0         0         0       
   0         0         0       
   0         0         0       
   0         0         0       
   0         0         0       
   0         0         0       
   0         0         0       
   0         0         0       

SUBTREE_ANGMOM
   0         0         0       
   0         0         0       
   0         0         0       
   0         0         0       
   0         0         0       
   0         0         0       
   0         0         0       
   0         0         0       
   0         0         0       
   0         0         0       
   0         0         0       
   0         0         0       
   0         0         0       
   0         0         0       
   0         0         0       

ACTUATOR_FORCE
  -0.22    
  -43      
   2.9     
   21      
   0.29    
   2       
  -0.21    
  -4.4e-07 

QFRC_ACTUATOR
  -0.22    
  -43      
   2.9     
   21      
   0.29    
   2       
  -0.21    
  -2.2e-07 
  -2.2e-07 
   0       
   0       
   0       
   0       
   0       
   0       

QFRC_SMOOTH
   0.2     
   0.48    
   0.52    
   0.53    
  -0.24    
  -0.26    
  -0.21    
  -0.00095 
   0.00095 
  -3.7e-28 
   4.8e-28 
  -9.8e+04 
   4.9e+02 
  -44      
  -0.0015  

QACC_SMOOTH
  -0.61    
   0.71    
   1       
   1.3     
  -1.2     
  -1.5     
  -1       
   0.0027  
  -0.0027  
   3.4e-16 
  -2.7e-18 
  -9.8     
   7.1e-15 
   9.8e-15 
  -1.8e-15 

EFC_B
   0.0075  
  -35      
   40      
   18      
   68      
  -17      
  -29      
  -1.6e+02 
  -0.0028  
  -10      
  -10      
  -10      
  -10      
  -10      
  -10      
  -10      
  -10      
  -10      
  -10      
  -10      
  -10      
  -10      
  -10      
  -10      
  -10      

EFC_FORCE
  -0.00025 
   0.2     
  -0.2     
  -0.2     
  -0.2     
   0.2     
   0.2     
   0.2     
   0       
   6.2e+03 
   6.2e+03 
   6.2e+03 
   6.2e+03 
   6.1e+03 
   6.1e+03 
   6.1e+03 
   6.1e+03 
   6.2e+03 
   6.2e+03 
   6.2e+03 
   6.2e+03 
   6.1e+03 
   6.1e+03 
   6.1e+03 
   6.1e+03 

EFC_STATE
  1
  2
  3
  3
  3
  2
  2
  2
  1
  1
  1
  1
  1
  1
  1
  1
  1
  1
  1
  1
  1
  1
  1
  1
  1

QFRC_CONSTRAINT
   0.2     
  -0.2     
  -0.2     
  -0.2     
   0.2     
   0.2     
   0.2     
  -0.00025 
   0.00025 
   5.5e-12 
  -4e-11   
   9.8e+04 
  -4.9e+02 
   44      
   0.0015  

QFRC_INVERSE
   0       
   0       
   0       
   0       
   0       
   0       
   0       
   0       
   0       
   0       
   0       
   0       
   0       
   0       
   0       

CACC
   0         0         0        -0        -0         9.8     
   0         0         0         0         0         9.8     
   0         0         0         0         0         9.8     
   0         0         0.13     -0.01      0.029     9.8     
   0.039     0.43      0.13     -0.0013    0.028     9.7     
   0.14      0.43      0.18     -0.0062    0.04      9.7     
   0.26     -0.32      0.051     0.11      0.05      9.7     
   0.069    -0.39      0.18      0.12     -0.0099    9.7     
  -0.086     0.07      0.18      0.11     -0.013     9.9     
  -0.1       0.063     0.21     -0.017    -0.3       9.9     
  -0.1       0.063     0.21     -0.017    -0.3       9.9     
  -0.1       0.063     0.21     -0.017    -0.3       9.9     
  -0.1       0.063     0.21     -0.017    -0.29      9.9     
  -0.1       0.063     0.21     -0.017    -0.29      9.9     
   4.5e-14  -2.5e-13  -2.4e-13   7.2e-16  -3.9e-15   9.8     

CFRC_INT
   0.046     0.052     0.011     0.67     -0.0037    1.8e+02 
   0.046     0.052     0.011     0.67     -0.0037    1.8e+02 
   0.046     0.052     0.011     0.67     -0.0037    1.8e+02 
   3.2      -9.3       0.011     0.67     -0.0037    1.4e+02 
   4.5      -15        0.0083    0.67      0.0061    1.2e+02 
   6.2      -18       -0.0058    0.57      0.044     93      
   6.2      -18       -0.0075    0.45      0.079     72      
   6.2      -16       -0.0046    0.36      0.11      51      
   4.2      -11        0.0021    0.21      0.083     30      
   1.8      -5.4       0.0045    0.1       0.044     14      
   0.94     -2.8       0.0003    0.062     0.021     7.5     
   0.94     -2.8       0.0003    0.062     0.021     7.5     
   0.019    -0.056    -2.2e-05   0.00093   0.00026   0.15    
   0.019    -0.056    -2.2e-05   0.00093   0.00026   0.15    
   2.4e-13   3e-13     6.5e-13   1.7e-12   7.9e-13  -1.5e-11 

CFRC_EXT
   0         0         0         0         0         0       
   0         0         0         0         0         0       
   0         0         0         0         0         0       
   0         0         0         0         0         0       
   0         0         0         0         0         0       
   0         0         0         0         0         0       
   0         0         0         0         0         0       
   0         0         0         0         0         0       
   0         0         0         0         0         0       
   0         0         0         0         0         0       
   0         0         0         0         0         0       
   0         0         0         0         0         0       
   0         0         0         0         0         0       
   0         0         0         0         0         0       
  -2.3e-13  -4.5e-13  -8.4e-13   5.5e-12  -4e-11     9.8e+04 

TREE_ISLAND
  0 1

ISLAND_NTREE
  1 1

ISLAND_ITREEADR
  0 1

MAP_ITREE2TREE
  0 1

DOF_ISLAND            0 0 0 0 0 0 0 0 0 1 1 1 1 1 1

ISLAND_NV             9 6

ISLAND_IDOFADR        0 9

MAP_IDOF2DOF          0 1 2 3 4 5 6 7 8 | 9 10 11 12 13 14

EFC_ISLAND            0 0 0 0 0 0 0 0 0 1 1 1 1 1 1 1 1 1 1 1 1 1 1 1 1

ISLAND_NEFC           9 16

ISLAND_IEFCADR        0 9

MAP_IEFC2EFC          0 1 2 3 4 5 6 7 8 | 9 10 11 12 13 14 15 16 17 18 19 20 21 22 23 24

TENDON_EFCADR         -1

